ORCA

           S      S      P      P      P
    S  0.003  0.134  0.123  0.165  0.082
    S  0.134  0.712  0.283  0.377  0.189
    P -0.123 -0.283  0.374 -0.243 -0.122
    P -0.165 -0.377 -0.243  0.232 -0.162
    P -0.082 -0.189 -0.122 -0.162  0.476

BU_GTO

           S      S      P      P      P
    S  0.003  0.134 -0.123 -0.165 -0.082
    S  0.134  0.712 -0.283 -0.377 -0.189
    P  0.123  0.283  0.374 -0.243 -0.122
    P  0.165  0.377 -0.243  0.232 -0.162
    P  0.082  0.189 -0.122 -0.162  0.476
