
      6       0.486130   0.539429   0.338245   0.471099   0.235550   0.353324
      7       0.539429   0.844136   0.727156   0.266936   0.133468   0.200202
      8       0.338245   0.727156   0.948028   0.071207   0.035603   0.053405
      9      -0.471099  -0.266936  -0.071207   0.358772  -0.151034  -0.226551
     10      -0.235550  -0.133468  -0.035603  -0.151034   0.585323  -0.113275
     11      -0.353324  -0.200202  -0.053405  -0.226551  -0.113275   0.490927

    S  0.486  0.539  0.338 -0.236 -0.471 -0.353
    S  0.539  0.844  0.727 -0.133 -0.267 -0.200
    S  0.338  0.727  0.948 -0.036 -0.071 -0.053
    P  0.236  0.133  0.036  0.585 -0.151 -0.113
    P  0.471  0.267  0.071 -0.151  0.359 -0.227
    P  0.353  0.200  0.053 -0.113 -0.227  0.491