ORCA

           S      S      S      P      P      P
    S  0.486  0.539  0.338  0.353  0.471  0.236
    S  0.539  0.844  0.727  0.200  0.267  0.133
    S  0.338  0.727  0.948  0.053  0.071  0.036
    P -0.353 -0.200 -0.053  0.491 -0.227 -0.113
    P -0.471 -0.267 -0.071 -0.227  0.359 -0.151
    P -0.236 -0.133 -0.036 -0.113 -0.151  0.585

BU_GTO

           S      S      S      P      P      P
    S  0.486  0.539  0.338 -0.353 -0.471 -0.236
    S  0.539  0.844  0.727 -0.200 -0.267 -0.133
    S  0.338  0.727  0.948 -0.053 -0.071 -0.036
    P  0.353  0.200  0.053  0.491 -0.227 -0.113
    P  0.471  0.267  0.071 -0.227  0.359 -0.151
    P  0.236  0.133  0.036 -0.113 -0.151  0.585
