ORCA

           S      S      S      P      P      P
    S  0.534  0.560  0.343  0.000  0.000  0.633
    S  0.560  0.864  0.735  0.000  0.000  0.345
    S  0.343  0.735  0.955  0.000  0.000  0.090
    P  0.000  0.000  0.000  0.700  0.000  0.000
    P  0.000  0.000  0.000  0.000  0.700  0.000
    P -0.633 -0.345 -0.090  0.000  0.000  0.200

BU_GTO

           S      S      S      P      P      P
    S  0.534  0.560  0.343  0.000  0.000 -0.633
    S  0.560  0.864  0.735  0.000  0.000 -0.345
    S  0.343  0.735  0.955  0.000  0.000 -0.090
    P  0.000  0.000  0.000  0.700  0.000  0.000
    P  0.000  0.000  0.000  0.000  0.700  0.000
    P  0.633  0.345  0.090  0.000  0.000  0.200
